211,44,517,40,517,60,212,64
267,63,459,60,460,78,268,81
220,87,511,80,512,106,221,112
304,117,435,114,436,137,305,140
249,121,277,121,277,144,249,144
298,152,493,148,493,171,298,174
198,165,250,165,250,180,198,180
358,216,455,214,456,233,358,235
198,224,273,227,273,243,198,240
199,259,214,257,232,257,248,254,265,255,284,254,303,253,303,269,284,270,265,271,248,270,233,273,214,273,198,275
236,279,268,279,312,279,373,279,418,274,456,274,488,270,489,289,456,293,419,293,374,298,313,297,269,298,236,298
406,304,497,304,497,322,406,322
198,317,215,316,244,314,282,313,306,314,339,313,356,313,357,328,340,328,305,329,281,328,245,329,216,331,199,332
234,338,267,337,311,336,371,336,414,331,454,331,487,328,487,347,455,350,415,350,371,355,311,355,267,356,235,357
